# GIMP colorrc
# 
# This file holds a list of recently used colors.

(color-history
    (color-rgba 1 1 1 1)
    (color-rgba 0 0 0 1)
    (color-rgba 0.75562482639424711 0.75562482639424711 0.75562482639424711 1)
    (color-rgba 0.92787259652479859 0.92787259652479859 0.92787259652479859 1)
    (color-rgba 0.75618036480355544 0.75618036480355544 0.75618036480355544 1)
    (color-rgba 0.54509806632995605 0.54509806632995605 0.54509806632995605 1)
    (color-rgba 0.74117648601531982 0.74117648601531982 0.74117648601531982 1)
    (color-rgba 0.54476713681676492 0.54476713681676492 0.54476713681676492 1)
    (color-rgba 0.73942162278942003 0.73942162278942003 0.73942162278942003 1)
    (color-rgba 0.66843615937779699 0.66843615937779699 0.66843615937779699 1)
    (color-rgba 1 1 1 4.6775408155836192e-310)
    (color-rgba 0.83921568627450982 0.69803921568627447 0.98039215686274506 4.677552300172758e-310)
    (color-rgba 0.6274089935760172 0.6274089935760172 0.6274089935760172 1)
    (color-rgba 0.85867237687366171 0.85867237687366171 0.85867237687366171 1)
    (color-rgba 0 1 0.14084507042252836 1)
    (color-rgba 0 0.99215686274509807 0.14117647058823529 6.9533216546753085e-310)
    (color-rgba 0 0.99061032863849763 0.13952258149837315 1)
    (color-rgba 0 0.99530516431924887 0.14018382596045076 1)
    (color-rgba 0.83963512619340197 0.69804959510980868 0.98122065727699526 1)
    (color-rgba 0.56575545742763811 0.53221791599710111 0.59624413145539901 1)
    (color-rgba 0.73192746063527803 0.6486750480511706 0.81220657276995301 1)
    (color-rgba 0.616425623089769 0.50464757223430068 0.72300469483568075 1)
    (color-rgba 0.50278058318117824 0.33320729747613198 0.6619718309859155 1)
    (color-rgba 0.37070607151114743 0.18218483158458579 0.5539906103286385 1)
    (color-rgba 0.93288590604026844 1 0.94233859533037156 1)
    (color-rgba 0 0 0 4.6775478300897169e-310)
    (color-rgba 0.99215686321258545 0.99215686321258545 0.99215686321258545 1)
    (color-rgba 0.64705884456634521 0.66666668653488159 0.64705884456634521 1)
    (color-rgba 0.97254902124404907 0.97254902124404907 0.9686274528503418 1)
    (color-rgba 0.18431372940540314 0.19215686619281769 0.21176470816135406 1)
    (color-rgba 0.76862746477127075 0.76470589637756348 0.75686275959014893 1)
    (color-rgba 0.79607844352722168 0.7921568751335144 0.78431373834609985 1)
    (color-rgba 0.84705883264541626 0.84705883264541626 0.83921569585800171 1)
    (color-rgba 0.88235294818878174 0.88235294818878174 0.87450981140136719 1)
    (color-rgba 0.81960785388946533 0.81568628549575806 0.80784314870834351 1)
    (color-rgba 0.7921568751335144 0.7921568751335144 0.78431373834609985 1)
    (color-rgba 0.7921568751335144 0.78823530673980713 0.78039216995239258 1)
    (color-rgba 0.71764707565307617 0.71764707565307617 0.70980393886566162 1)
    (color-rgba 0.85882353782653809 0.85882353782653809 0.85882353782653809 1)
    (color-rgba 0.82745099067687988 0.82745099067687988 0.81960785388946533 1)
    (color-rgba 0.10695187165775401 0.10695187165775401 0.10695187165775401 1)
    (color-rgba 0.86654279856483851 0.83654370899814812 0.63505894413121478 1)
    (color-rgba 0.028711056811240108 0.40500916310323765 0.11377899080251469 1)
    (color-rgba 0.25263157894736843 0.25263157894736843 0.25263157894736843 1)
    (color-rgba 0.59999999999999998 0.59999999999999998 0.59999999999999998 1)
    (color-rgba 0.99607843160629272 0.99607843160629272 0.99607843160629272 1)
    (color-rgba 0.42745098471641541 0.42745098471641541 0.42745098471641541 1)
    (color-rgba 0.91764706373214722 0.69019609689712524 0.59607845544815063 1)
    (color-rgba 0.14947327540171854 0.14947327540171854 0.14947327540171854 1)
    (color-rgba 0.27370260692266613 0.26597668132125762 0.26277974658964032 1)
    (color-rgba 0.32414194863828344 0.17611321411529568 0.11485994465750766 1)
    (color-rgba 0.80000001192092896 0.58823531866073608 0.49803921580314636 1)
    (color-rgba 0.80766056604689551 0.59655394116929672 0.50919947570270407 1)
    (color-rgba 0.70493713287052773 0.48819916666567997 0.39851449099470848 1)
    (color-rgba 0.97254902124404907 0.4117647111415863 0 1)
    (color-rgba 0.99873015873015869 0.45359732940545244 0.055238095238095176 1)
    (color-rgba 0.28713064713064712 0.2602380295539598 0.24058608058608055 1)
    (color-rgba 0.9740303541315346 0.41125304699593995 0 1)
    (color-rgba 0.47944221424043948 0.47944221424043948 0.47944221424043948 1)
    (color-rgba 1 0.51764573422280247 0.0081845553623680622 1)
    (color-rgba 0.91843711843711839 0.69001087192207011 0.59755799755799743 1)
    (color-rgba 0.82196785192401367 0.59299067688338458 0.31807111544081834 1)
    (color-rgba 0.69703654374427704 0.69703654374427704 0.69703654374427704 1)
    (color-rgba 0.84705883264541626 0.84705883264541626 0.84705883264541626 1)
    (color-rgba 0.42608695652173911 0.42608695652173911 0.42608695652173911 1)
    (color-rgba 0.73478260869565215 0.73478260869565215 0.73478260869565215 1)
    (color-rgba 0.90434782608695652 0.90434782608695652 0.90434782608695652 1))

# end of colorrc
